.Random.seed <-
c(403L, 200L, 1589424200L, -342080949L, 2051170217L, 2013867768L, 
1890708006L, 754497L, 901785811L, 2097187970L, -1523406156L, 
395771447L, 1194435885L, 18484804L, 550916970L, 211255253L, -1270339217L, 
803464310L, 1727737760L, 1066809443L, 644521217L, -1945423760L, 
-1145840626L, -1541473159L, 1453722635L, -912022214L, 753759292L, 
-483638401L, 1240436949L, 513238252L, 977567298L, 1640223133L, 
-1193180137L, 1395841406L, 1413906232L, 1466775579L, 1166096761L, 
-1930469432L, -1871297546L, 384603697L, -936791965L, 1514672178L, 
1221979524L, -2142186553L, 600053405L, -377307628L, -321993542L, 
2023567621L, 166802143L, -415834266L, -1198246160L, -401256941L, 
508463025L, -258157984L, 665251838L, -930259063L, 1988884667L, 
-584846198L, 1598556012L, 1265685743L, 463978277L, -2088228388L, 
1048319922L, 1487675053L, 2109838951L, -1191844466L, 2036175464L, 
-219656597L, 1383671817L, -964209000L, 1482985926L, 1675477281L, 
898716083L, -1495782110L, -552958188L, 178028439L, 1062117261L, 
-89513308L, 1098624138L, 1712112373L, -2051545777L, -2082590122L, 
702320896L, 410100803L, -2039093279L, 2032977744L, -1291339346L, 
1557034841L, -950862485L, 1748083930L, 1024732572L, -125415009L, 
369980405L, 1994875532L, -1020418206L, -720611523L, 1170239415L, 
-1527694242L, -897142376L, -1300523781L, 530276505L, -1668951768L, 
-623056938L, 1619625041L, 790802179L, 1272309394L, 368354340L, 
-1083135257L, 1275117373L, -1555087436L, 707011610L, -2017935515L, 
2117673471L, -722506618L, 672788496L, 2010657459L, 1095709009L, 
1683263744L, 2143327198L, -230080471L, 1009194971L, -1693170454L, 
878486156L, 836517327L, -2032963195L, -1955870148L, 258354962L, 
-1502538739L, -69755065L, -651518674L, -23847800L, -1065530997L, 
-369307287L, -1280632008L, -1273903642L, -2104319615L, -200133357L, 
1445966530L, -1344070284L, -2031739529L, -23157139L, 339421444L, 
-618021846L, -527429227L, -728414673L, 1315595062L, 20880224L, 
-1428610653L, -1804229951L, -559433040L, 1880651214L, -664590023L, 
-1765784245L, -676425990L, 983433212L, -1490780097L, -626116331L, 
-1454882260L, 1964592898L, -688808995L, 2022119127L, -696491586L, 
2126005240L, 1555445723L, -1962767815L, 1513196424L, -285099210L, 
1775446385L, 151684003L, 787780338L, 1996485188L, 1323130119L, 
768877789L, 343937492L, -533383942L, 353774661L, -2133050209L, 
-1795006938L, 360766128L, 1598441299L, -609320335L, -223424608L, 
1606870846L, 1691004489L, 323209979L, 1046936266L, -671896532L, 
-225659857L, -1037296411L, 2109085084L, -1071818766L, -1020231059L, 
-121763929L, -1746896434L, -685682904L, -490044117L, -1016600759L, 
-11654056L, -425780986L, -1934351135L, 623477875L, 1851838690L, 
66615380L, -1417372329L, 1773251917L, -1040158492L, -1386500918L, 
765002037L, -274626673L, 959992982L, 31366208L, -646591229L, 
1979629857L, -636974576L, 118575598L, -946993767L, 659120683L, 
148116250L, 424143324L, -556179489L, 925509557L, 1577402700L, 
-322418782L, -235081987L, -1218428937L, -534034146L, 979891160L, 
-1923410629L, 410743513L, 1090294796L, 770477280L, 706736738L, 
-341580632L, 1314194508L, -1294237828L, 1363130674L, -923205008L, 
-1632226492L, -261211176L, 1451256698L, -1725884368L, 480837564L, 
-1735226796L, -1848840126L, -713202016L, 924918460L, -1912839216L, 
1241322850L, 1135329000L, -1785144116L, 1429027324L, 659234290L, 
101784704L, 1110727156L, 52437640L, 827104058L, -377133744L, 
1300358252L, -185225836L, -211359662L, -1039376928L, 1545000140L, 
-483615072L, 361738626L, 1953792232L, -541693204L, -2013979332L, 
-645879694L, -772636048L, 802216484L, 1677248568L, 1706965274L, 
1665328336L, -651388612L, -1558236268L, 1335654274L, 1230842816L, 
-773474756L, 86475152L, 350398498L, 273411336L, 632227980L, 463785756L, 
503241874L, 1743146368L, 30289940L, -1413748952L, 704054842L, 
128534992L, 882270572L, -1660101708L, 191263250L, 243120096L, 
1094162892L, 818305248L, 146854946L, 1265105704L, 1017719308L, 
-1647848644L, 1801709554L, 772711152L, -2009912764L, -1479010728L, 
518960954L, 1537898480L, 2032716476L, -1037310700L, -2067845950L, 
352586848L, 35347836L, -1046208560L, -208369374L, -422777176L, 
-2110349428L, -1934916420L, -1687047374L, -794798528L, 256455860L, 
108186696L, 1447857594L, -1560380912L, -2015425300L, 949186900L, 
1661016850L, 1837254048L, -805375284L, 1803422304L, 1001875394L, 
2138170152L, -1956298324L, -1139165892L, 340444018L, -565394128L, 
1568235300L, 1812522296L, 342820570L, 1300764560L, 1054466812L, 
1736965012L, 1666860098L, 2003291392L, 1120993340L, -912913072L, 
424440994L, -1773962424L, 93073164L, 2056924892L, 1772390226L, 
992364160L, 1972727892L, -369212440L, -334386438L, 751652176L, 
1298929452L, 540117876L, -1657306222L, 1608567392L, -1024241780L, 
1770870624L, -1345553438L, 1921977256L, -197251892L, 633653756L, 
-1350299726L, -1110499856L, -2104672828L, 107458904L, -123058822L, 
-2016764496L, -400243780L, 692545620L, -1122213950L, -2073749472L, 
794718396L, 1218615888L, -1448601630L, 108060264L, 34659916L, 
742615292L, -102649870L, 795567360L, 547724148L, 2129090568L, 
-89036358L, 1352371664L, 21255148L, 1242524564L, 814271442L, 
277278560L, 513505612L, -2057592544L, -1953403006L, -571650328L, 
-2132985620L, -84263364L, 855810930L, -184433040L, 414837796L, 
-1413161160L, 1106215066L, -622229808L, -1348754244L, -1333949804L, 
-111551870L, 252661952L, 1643865404L, -921663344L, -1047380446L, 
2132834824L, 483792140L, -19766628L, 1439274514L, -2029817472L, 
-387489260L, 1272839720L, -1232125638L, -187966512L, -1542844820L, 
904264500L, -639454574L, 1867318624L, -1095322292L, 990684128L, 
-1169793118L, 152477608L, -1863028852L, 706771644L, 1919130482L, 
-7962384L, 712608836L, 940141912L, 410931258L, 1810678640L, -749251524L, 
-445879532L, -926659134L, -1574630176L, 819722108L, 1937348304L, 
806525602L, 426628136L, 1761657100L, 130599868L, 402752818L, 
-1712654400L, 1888282164L, 277048264L, 363930810L, -1621768304L, 
-2085836308L, 718181460L, -122512750L, 979004192L, 2111201740L, 
1810062304L, 1675450050L, -837850036L, 1382305242L, -526651441L, 
-1840524903L, -913661522L, -1051271492L, -1823060179L, -1396380457L, 
1591940384L, -1757773186L, -1973105589L, -904536499L, -1871444870L, 
-713333576L, 2091257441L, -356125677L, -1764097484L, -1001724862L, 
-2090116009L, 21116833L, 919914598L, 1558843492L, -445469803L, 
1279483071L, -362591144L, 156366966L, -1475516285L, -537343803L, 
-427768350L, -341201840L, 1625687417L, -1142850901L, -1876155876L, 
-1345520310L, -1809062593L, 1511711625L, 711744414L, -786417076L, 
61430813L, -417073753L, -160331568L, 692656750L, -1763752677L, 
1102855805L, 1375259754L, -938837752L, -907645519L, 623921699L, 
195030820L, 1200379858L, -27790297L, 1353952881L, -653028170L, 
1607586900L, -611848987L, 368269551L, -1700705240L, -724436858L, 
-1145404749L, 2042659861L, -898689422L, -695233856L, -29460695L, 
1170175387L, -915418516L, 114820730L, -294520913L, 202330809L, 
-849560370L, -1912383972L, -1507168883L, 752368631L, 1436516096L, 
-1702341282L, -397083093L, 1501196589L, -1209283174L, -598172840L, 
596009665L, 64144755L, -531360108L, -633773278L, 1945857591L, 
-909247743L, 1553908230L, -1175756732L, 402059637L, -1768958753L, 
-166909896L, 671838230L, -1389453277L, -195199003L, 1931053570L, 
629151856L, -1810911719L, 57716747L, 843393788L, 1133558570L, 
-170824353L, 571663593L, 1159656446L, -589426708L, -763405507L, 
-1714055417L, -178565392L, 1179971214L, -1453053765L, 1765563549L, 
-1326608310L, 343372392L, -489767343L, 413599043L, -736660412L, 
-1532922126L, -2112618809L, -1630763887L, -1214088682L, 1460447348L, 
-1650169083L, 1674297679L, -512261304L, -466423066L, 401368083L, 
1492654965L, -832668846L, 2060053408L, 312180361L, 1487473339L, 
240021772L, 1097862298L, 978096655L, 2087089753L, 661031662L, 
260964732L, 1142796781L, -1750417769L, 1536334176L, 359046462L, 
305483275L, -2021836147L, 1021343674L, 1144980984L, 280584609L, 
-913160365L, -399145356L, 780617730L, 2062103191L, 155311201L, 
-1300596570L, 413231268L, 1941938517L, 1307591167L, -978208616L, 
